#Created by YGO Omega
#tags=
#main
55537983
81522098
81522098
81522098
50415441
50415441
50415441
23920796
23920796
80551022
80551022
43066927
43066927
82933935
82933935
11677278
42141493
42141493
42141493
14558127
14558127
14558127
94145021
94145021
19338434
13204145
13204145
13204145
55733143
55733143
55733143
86809440
86809440
86809440
30271097
30271097
30271097
73628505
24224830
59293853
#extra
42940335
42940335
42940335
16955631
16955631
16955631
56410769
41522092
90448279
93039339
29301450
65741786
87746184
87746184
87746184
!side
27204311
27204311
27204311
84192580
84192580
84192580
11677278
11677278
23920796
80551022
43066927
10045474
10045474
10045474
25311006

